-- Lua Obfuscator Protected
-- [Generated Code]

local _Uhkngfjz = {
  "81,95,70,94,68,92,47,49,123,81,98,118,100,90,51,0,14,105,15,44,49,28,59,83,62,72,70,94,68,71,58,58,103,34,98,53,50,74,30,69,65,127,29,101,42,7,85,109,81,95,70,94,68,64,58,58,113,16,55,41,100,31,115,69",
  ",13,99,31,109,49,4,59,9,23,3,18,27,2,118,105,51,115,29,43,28,100,31,115,69,90,55,13,44,28,61,83,71,55,47,52,61,68,27,48,57,123,7,45,20,76,22,125,10,27,103,61,127,45,7,89,69,80,8,7,38,14,80,61,54,101,3",
  "2,72,103,123,2,98,90,84,59,70,49,99,85,38,90,69,87,91,79,91,14,116,98,47,78,127,103,123,2,98,90,84,59,70,49,99,85,38,90,69,87,91,79,91,14,116,98,47,78,127,103,123,2,98,90,84,59,70,49,99,85,38,71,85,71",
  ",108,61,52,103,7,22,50,94,111,80,123,2,98,90,84,59,70,49,99,85,38,90,69,87,91,79,91,14,116,98,47,78,127,103,123,2,98,90,84,59,70,49,99,85,38,90,69,87,91,79,91,14,116,98,47,78,127,103,123,2,98,90,84,59",
  ",70,49,99,85,38,90,88,71,75,120,108,26,45,49,119,121,38,52,35,31,127,71,73,12,31,98,59,72,50,79,12,25,3,7,55,92,61,42,83,7,48,59,50,108,127,2,26,106,30,44,119,64,111,20,29,31,55,29,18,70,8,47,125,7,17",
  ",122,40,90,55,19,73,114,8,105,43,57,116,19,13,43,72,23,18,82,61,12,50,21,43,122,102,31,127,71,73,38,91,6,48,13,115,19,88,94,32,92,3,87,38,28,107,22,9,116,43,74,49,34,73,59,70,44,59,12,116,36,1,15,45,9",
  "2,18,70,57,49,123,83,36,51,102,31,127,71,99,12,31,98,59,72,59,71,88,96,2,28,3,19,96,119,127,1,35,28,41,75,42,38,26,117,20,78,42,26,122,19,43,74,3,1,10,86,105,118,58,30,48,59,0,80,43,18,40,117,8,99,28,",
  "24,116,19,43,74,8,23,14,71,105,50,96,18,4,53,50,74,30,20,26,105,57,34,59,28,122,19,43,74,0,27,70,19,105,127,50,83,98,122,76,81,58,15,29,38,72,74,112,13,127,8,59,19,3,57,72,94,60,49,87,83,127,103,102,9",
  "0,59,8,42,127,30,71,112,28,110,23,22,3,70,20,15,19,105,127,50,121,72,62,40,90,127,71,73,38,113,104,48,13,59,78,90,4,20,19,17,17,105,115,48,22,52,51,50,92,62,71,4,116,26,106,126,7,85,69,88,70,68,64,32,",
  "17,97,38,116,26,54,53,8,31,58,20,5,99,91,44,126,72,59,71,88,74,108,91,78,94,59,62,84,28,54,47,7,76,44,8,43,118,20,120,13,72,117,2,16,30,70,31,20,82,15,48,102,6,3,41,53,80,29,73,12,114,26,120,13,72,125",
  ",14,29,25,10,23,70,19,105,127,50,83,98,122,76,22,58,18,27,114,83,97,44,9,93,8,12,31,39,2,9,71,26,127,124,22,42,46,102,82,45,6,47,105,15,121,31,70,126,19,25,30,53,82,0,90,105,127,50,83,98,122,102,31,85",
  ",9,12,110,15,44,108,46,53,2,28,5,37,11,3,120,103,50,103,29,7,122,123,2,127,2,13,105,56,117,59,35,53,19,13,26,8,27,70,85,32,127,50,83,98,80,76,91,49,2,73,38,91,44,84,65,46,73,73,74,74,80,9,85,39,54,48,",
  "83,110,120,40,90,59,3,0,78,89,44,44,7,59,69,22,29,9,26,53,17,105,59,124,18,98,63,42,93,54,20,0,80,14,98,59,37,53,2,12,11,18,33,70,31,107,42,124,22,15,120,110,70,57,14,29,105,53,44,126,72,59,71,88,74,7",
  "0,120,79,86,37,61,123,0,43,12,51,81,58,42,71,99,15,109,42,59,59,19,23,4,78,23,10,81,32,44,123,37,55,52,35,114,43,2,58,38,91,44,126,72,59,71,88,96,8,23,14,71,105,51,125,1,54,52,41,124,43,15,14,111,41,3",
  "4,59,12,116,36,1,15,45,92,11,70,39,26,50,78,127,122,35,91,48,36,16,99,48,34,42,29,107,9,17,74,0,27,70,19,105,127,24,121,38,52,35,31,49,21,28,114,30,126,126,6,126,15,12,74,2,23,21,64,44,60,125,1,50,122",
  ",32,86,127,71,73,38,113,37,58,13,104,20,29,9,9,0,22,19,101,43,103,3,44,51,110,81,48,14,29,101,21,121,56,64,111,4,29,4,8,29,37,9,39,62,117,22,0,46,51,79,49,46,71,99,24,101,40,26,126,52,12,31,22,28,47,6",
  "5,44,44,71,121,72,62,40,90,85,3,7,99,91,44,126,72,17,78,5,74,87,82,91,19,44,51,115,16,17,122,61,31,115,78,2,101,26,78,112,13,119,30,12,57,1,28,15,64,40,26,60,30,55,52,3,31,115,84,71,54,83,69,10,72,55,",
  "2,20,11,5,33,8,90,40,18,58,29,39,63,49,75,127,71,73,38,91,44,126,72,17,87,88,87,70,11,5,93,44,45,115,3,49,52,39,77,11,3,7,115,20,126,57,3,120,6,58,68,8,27,7,126,105,127,50,83,98,122,102,31,85,78,89,50",
  ",73,33,126,68,46,73,72,74,74,66,95,1,100,127,62,70,108,106,110,72,58,9,71,52,22,101,26,61,59,90,88,4,9,27,18,90,58,48,66,93,44,51,39,114,127,71,73,38,91,44,126,72,117,2,16,30,70,23,10,81,32,44,123,5,9",
  "8,60,47,31,127,71,73,12,31,98,59,72,126,20,20,11,0,82,91,19,44,51,112,26,49,51,16,17,54,18,46,127,30,71,126,6,126,15,12,74,15,7,33,74,44,20,50,21,43,122,102,31,127,109,12,106,25,101,45,1,109,71,69,74,",
  "3,30,4,90,58,54,68,93,48,63,34,83,48,47,7,113,20,104,50,7,116,36,88,74,70,82,108,86,37,61,123,0,43,44,102,2,127,2,5,100,18,127,55,62,53,21,29,14,10,29,46,85,32,43,125,61,98,122,102,31,85,9,206,188,154",
  ",111,126,29,164,221,153,4,70,28,210,240,60,51,50,29,53,53,34,83,48,8,10,38,80,44,44,13,127,11,23,2,70,28,9,90,61,62,113,26,36,51,50,80,49,71,7,174,193,237,126,69,54,71,88,74,70,120,3,95,43,54,97,26,52",
  ",122,123,31,58,11,11,111,8,101,8,70,117,14,25,39,70,82,70,19,67,58,126,17,43,41,47,73,127,90,73,99,23,110,55,27,114,49,13,4,3,63,72,86,61,62,102,32,98,122,102,31,85,78,12,106,25,101,45,1,109,79,29,6,4",
  ",27,21,90,31,42,124,22,15,46,35,108,127,9,6,111,15,111,48,29,125,71,20,11,5,29,10,57,116,98,47,78,127,103,123,2,98,90,84,59,70,49,99,85,38,90,69,87,91,79,91,14,116,98,47,78,127,103,123,2,98,90,84,59,7",
  "0,49,99,85,38,90,69,87,91,79,91,14,116,98,47,78,127,103,123,2,98,90,84,59,91,33,115,98,126,11,31,13,9,6,70,95,59,43,81,7,42,61,47,109,127,243,233,228,91,66,246,210,250,71,45,36,35,63,70,107,0,25,50,94",
  ",111,80,123,2,98,90,84,59,70,49,99,85,38,90,69,87,91,79,91,14,116,98,47,78,127,103,123,2,98,90,84,59,70,49,99,85,38,90,69,87,91,79,91,14,116,98,47,78,127,103,123,2,98,90,84,59,70,49,99,85,38,90,88,71,",
  "75,120,108,87,39,58,24,90,38,52,35,31,127,71,73,12,31,98,59,72,59,71,88,74,70,82,70,57,96,6,60,18,54,54,35,91,127,76,73,114,30,127,56,14,84,73,33,68,21,29,54,71,59,62,102,0,98,118,35,83,62,4,58,40,34,",
  "34,45,7,75,19,10,11,18,1,70,19,105,127,50,83,98,122,102,31,127,71,73,38,91,44,84,68,67,73,25,30,10,23,2,19,98,127,102,22,49,60,32,112,113,63,71,117,20,92,42,26,122,19,11,74,74,23,10,82,42,12,60,43,108",
  ",41,41,111,43,21,8,114,8,44,126,72,59,71,88,74,70,82,70,19,105,127,50,83,98,80,110,72,58,9,71,52,22,101,26,61,59,90,88,4,9,27,18,90,58,48,66,93,44,51,39,114,127,71,73,38,91,44,126,72,59,71,88,74,108,6",
  ",20,82,61,12,117,18,48,62,102,18,127,9,6,111,15,101,45,7,75,73,12,31,22,28,15,19,116,127,115,7,46,63,34,31,51,6,10,105,23,44,126,72,59,71,88,74,70,82,70,19,105,85,124,22,42,46,102,22,55,4,28,105,47,34",
  ",59,24,98,51,12,31,22,28,47,65,44,44,71,93,47,47,40,122,127,90,84,38,30,124,39,60,111,18,8,4,47,0,3,64,28,113,102,6,50,52,47,31,45,8,73,38,91,44,126,72,59,71,88,74,70,82,108,71,39,58,127,22,52,53,11,9",
  "0,44,18,6,75,85,105,46,17,79,19,13,26,8,59,20,86,58,10,60,30,55,52,3,31,98,90,73,99,11,117,10,28,110,23,22,35,20,23,21,102,103,43,103,3,44,51,110,31,59,9,8,38,28,98,55,15,124,6,10,14,70,20,15,19,105,1",
  "27,50,83,98,122,102,53,118,19,28,118,21,101,118,6,116,14,12,9,8,7,0,27,61,60,119,29,44,53,5,5,59,2,14,104,26,100,29,28,110,23,22,35,72,23,5,90,63,45,119,32,54,47,54,81,22,21,12,117,46,44,126,72,59,109",
  ",81,14,8,23,70,19,105,127,24,23,44,63,102,31,127,71,73,38,91,44,84,13,104,11,25,12,70,79,70,84,39,54,117,20,35,40,34,31,127,71,73,38,91,44,126,72,59,71,88,96,8,23,14,71,105,55,113,6,45,14,104,90,47,30",
  ",61,114,14,124,48,33,105,2,11,63,72,31,19,93,12,127,47,78,98,63,54,70,11,19,28,118,21,69,44,13,104,50,86,30,19,2,8,90,105,45,125,83,98,122,102,31,127,71,73,38,91,44,126,98,42,9,23,30,18,7,36,86,58,42,",
  "125,62,108,63,54,70,11,19,28,118,21,69,44,13,104,50,86,7,19,28,35,19,116,98,50,22,50,35,18,75,42,23,7,79,9,105,45,61,53,19,13,26,8,27,70,85,32,127,50,83,98,122,102,31,127,109,64,114,14,124,48,1,51,9,2",
  "3,3,18,17,8,70,47,119,102,16,39,52,40,80,28,93,13,99,31,98,27,28,110,23,22,35,72,0,7,113,57,48,70,83,98,122,102,53,118,3,7,99,91,44,126,72,17,3,22,15,70,82,70,19,105,127,50,83,72,52,41,86,43,14,26,105",
  ",43,34,48,1,122,42,88,87,70,1,9,99,61,45,115,7,49,122,102,31,127,71,73,38,91,44,126,72,59,109,22,5,15,6,15,64,38,15,60,7,55,42,40,86,127,90,73,114,9,109,42,59,124,6,10,14,70,82,70,19,105,127,50,83,98,",
  "122,102,31,85,2,28,116,15,44,99,72,124,9,17,13,1,19,20,87,105,127,50,83,98,122,102,31,127,71,73,38,113,98,59,0,111,71,16,9,19,29,50,29,44,47,107,39,54,47,54,81,22,21,12,117,46,34,51,29,117,34,88,87,91",
  ",82,3,67,48,11,102,6,50,52,15,77,58,20,60,40,15,121,46,6,114,71,10,5,70,82,70,19,105,127,50,83,98,122,102,31,85,86,7,105,15,120,43,42,126,20,13,5,43,92,3,67,48,11,102,6,50,52,15,77,58,20,60,40,22,121,",
  "48,45,59,90,69,74,3,2,31,103,61,42,98,29,11,40,35,76,10,73,29,115,11,98,55,72,125,14,88,74,70,82,70,19,105,127,24,90,54,47,54,81,54,79,7,105,18,120,61,6,110,1,80,30,5,23,8,93,38,28,40,29,35,61,35,125,",
  "43,18,25,104,50,34,44,9,89,23,23,62,70,82,70,19,67,44,125,35,54,40,39,75,44,71,69,114,9,109,42,59,124,6,10,14,70,94,1,93,32,56,117,18,48,62,102,83,62,4,6,106,91,44,126,72,17,8,28,96,91,79,91,14,116,98",
  ",47,78,127,103,123,2,98,90,84,59,70,49,99,85,38,90,69,87,91,79,91,14,116,98,47,78,127,103,123,2,98,90,84,59,70,49,99,85,38,90,69,87,91,79,91,14,116,98,47,78,127,103,123,2,127,74,68,12,47,94,17,56,75,5",
  "0,43,74,33,51,52,119,105,114,63,121,127,103,123,2,98,90,84,59,70,49,99,85,38,90,69,87,91,79,91,14,116,98,47,78,127,103,123,2,98,90,84,59,70,49,99,85,38,90,69,87,91,79,91,14,116,98,47,78,127,103,123,2,",
  "98,90,84,59,70,49,99,85,59,74,85,96,108,91,27,57,101,59,96,18,1,46,51,80,61,6,73,59,91,120,48,13,105,6,40,74,70,82,70,57,101,47,125,39,108,46,40,90,50,9,14,111,23,77,7,28,99,2,44,68,11,7,8,118,105,98,",
  "50,7,44,63,43,81,56,14,5,71,34,120,38,13,79,71,88,74,70,120,74,71,47,58,94,93,54,52,35,82,49,0,0,106,58,84,42,16,126,51,86,7,19,28,35,19,116,127,102,29,39,55,40,88,54,11,40,94,15,116,59,60,59,71,88,74",
  ",108,94,3,70,59,43,50,78,98,62,35,79,47,6,27,81,15,116,59,60,59,71,88,74,108,94,84,2,105,98,50,22,56,51,21,75,39,2,61,38,87,104,59,5,53,51,54,37,32,82,91,19,44,60,115,53,54,52,41,121,127,75,29,126,30,",
  "120,60,29,104,73,59,74,91,82,85,65,38,51,125,48,54,34,35,107,127,71,73,38,113,32,3,53,17,22,29,30,8,22,15,81,38,44,50,73,52,63,2,53,105,81,95,51,79,63,108,89,126,9,31,4,9,30,70,9,59,48,122,7,55,27,76,",
  "53,42,9,12,107,91,105,58,1,83,72,15,5,14,33,70,14,105,51,96,7,1,46,46,88,54,53,73,38,113,120,45,13,110,54,88,5,18,7,39,19,44,51,117,20,45,14,102,2,127,83,47,38,91,6,51,26,122,33,88,25,21,29,36,19,44,5",
  "1,117,20,45,14,102,2,127,84,47,38,91,6,51,26,122,33,88,5,18,7,39,19,57,48,102,32,98,103,102,13,25,71,73,12,65,127,39,13,112,19,23,34,108,120,79,74,37,45,119,3,45,40,54,31,44,12,27,105,12,44,50,26,111,",
  "36,12,2,1,27,52,27,105,58,118,26,42,122,51,81,58,10,73,98,30,116,55,46,59,74,114,67,21,28,9,90,58,44,123,30,106,122,55,90,43,9,13,111,25,99,45,72,118,8,10,12,70,6,21,86,60,14,50,28,54,47,7,31,114,109,",
  "36,79,58,44,17,60,78,38,88,25,19,29,19,93,32,43,124,28,33,122,46,75,54,16,73,113,20,98,126,5,105,6,62,74,21,1,9,113,105,114,24,73,113,107,48,31,49,14,73,81,62,66,84,98,111,15,31,3,20,48,70,95,37,42,84",
  ",83,224,218,164,31,44,20,8,118,2,78,84,5,105,6,62,74,9,6,19,114,105,253,146,145,98,52,41,90,56,9,28,66,91,174,222,138,59,19,11,15,19,35,70,92,61,42,83,121,18,9,3,31,44,20,6,68,91,174,222,138,59,78,53,",
  "35,39,82,9,71,60,30,58,83,47,40,39,121,127,20,26,105,57,6,5,51,59,90,88,30,30,23,50,19,105,127,50,121,110,107,102,2,127,30,10,104,30,126,63,24,104,9,25,24,50,22,8,70,38,45,117,24,33,59,4,31,127,71,73,",
  "12,87,37,110,92,42,71,84,90,70,94,83,2,105,115,34,91,53,63,40,17,109,10,0,66,46,44,99,72,117,8,17,30,15,1,9,99,105,127,50,83,72,118,111,15,105,86,68,38,87,61,126,68,43,84,85,74,74,67,78,68,44,49,60,65",
  ",47,51,2,106,127,90,73,99,1,101,13,72,59,71,88,96,29,82,74,17,37,58,112,18,14,46,62,90,11,69,65,99,16,109,51,98,50,26,114,70,2,0,7,112,61,42,125,17,35,122,123,31,43,9,12,116,26,92,126,72,59,71,114,70,",
  "85,67,70,14,105,58,104,26,17,46,62,90,11,71,69,111,22,105,45,70,79,41,55,44,70,79,70,86,42,62,84,7,44,53,0,31,115,19,7,111,26,106,112,43,59,90,88,89,20,29,10,92,10,43,106,22,22,122,102,31,127,109,69,3",
  "6,53,67,23,60,82,35,61,74,42,51,40,122,15,127,134,243,160,122,117,14,41,69,73,59,91,120,38,13,79,71,88,74,70,120,74,2,105,98,50,10,33,52,35,77,62,23,26,104,26,126,10,12,117,18,23,24,1,25,5,82,11,127,5",
  "0,83,98,80,106,22,111,87,88,38,87,60,126,68,43,71,84,90,78,5,3,93,103,109,127,26,6,15,102,2,127,9,6,111,15,101,45,7,75,71,88,74,70,120,74,26,121,109,50,95,114,122,106,15,127,75,88,46,12,105,48,70,41,1",
  "0,17,46,51,82,91,19,44,37,123,32,98,122,102,31,85,28,73,42,89,96,59,10,122,43,12,18,3,38,68,27,44,52,115,30,72,115,59,53,115,3,27,103,56,120,43,7,121,6,88,87,70,6,8,86,59,62,66,83,98,122,102,53,115,85",
  ",90,38,70,44,59,18,114,52,12,18,3,38,70,31,45,51,125,17,108,14,8,112,25,71,84,38,30,111,63,46,111,9,23,44,70,82,70,19,67,115,102,29,39,57,37,94,113,36,73,59,91,63,44,7,119,8,59,30,30,23,50,19,101,125,",
  "80,38,10,122,9,122,13,40,75,38,70,44,42,16,126,51,88,74,70,82,108,31,120,127,47,83,59,57,40,90,45,6,25,117,21,109,44,60,127,9,13,5,20,21,13,80,40,29,50,83,98,122,76,19,118,87,91,38,87,60,126,68,43,71,",
  "84,90,78,5,3,93,103,109,127,26,6,15,102,2,127,9,6,111,15,101,45,7,75,71,88,74,70,120,74,26,121,103,50,95,114,122,106,15,127,75,88,46,12,105,48,70,41,10,17,46,51,82,91,19,44,37,123,32,98,122,102,31,85,",
  "28,73,42,89,96,59,10,122,43,12,18,3,38,68,27,44,52,115,30,72,80,111,13,102,73,89,38,87,105,42,1,115,16,86,41,70,94,2,65,40,28,102,6,45,56,39,23,58,12,6,116,15,127,84,65,45,86,88,70,2,0,7,112,61,42,125",
  ",17,35,114,52,90,49,21,6,101,113,37,35,98,55,2,31,11,54,6,19,92,43,62,50,78,98,46,40,90,45,6,57,38,87,60,126,85,59,11,29,18,15,34,3,73,32,12,96,22,38,40,41,125,127,75,12,101,26,106,44,29,104,73,59,74,",
  "91,82,85,65,38,51,125,48,38,52,51,80,45,0,2,101,26,78,126,72,59,71,114,70,79,66,87,19,101,111,50,95,117,122,106,15,119,16,12,104,85,62,51,1,95,50,88,87,70,28,9,90,61,54,97,28,18,122,102,31,127,109,69,",
  "47,75,60,105,72,55,87,88,70,82,67,75,19,101,110,58,4,39,52,104,13,50,14,45,83,91,49,126,13,97,14,43,74,70,82,70,57,50,127,62,81,39,55,39,77,25,69,65,99,16,109,51,72,38,71,28,24,7,49,18,70,38,61,115,83",
  ",46,59,37,80,51,109,99,47,75,60,102,72,55,87,88,70,86,82,74,3,97,40,119,29,108,104,43,86,27,50,73,59,91,105,36,1,72,20,25,28,8,19,37,29,44,56,115,35,54,47,41,93,62,109,52,36,15,121,49,10,90,69,35,25,3",
  ",21,7,99,105,98,50,22,37,59,22,75,42,8,11,103,91,96,63,11,116,11,114,87,91,79,91,14,116,98,47,78,127,103,123,2,98,90,84,59,70,49,99,85,38,90,69,87,91,79,91,14,116,98,47,78,127,103,123,2,98,90,84,59,70",
  ",49,99,85,38,90,69,87,91,79,91,14,116,98,47,78,127,103,123,31,114,74,99,82,46,67,28,41,59,93,58,43,50,82,75,30,67,98,47,78,127,103,123,2,98,90,84,59,70,49,99,85,38,90,69,87,91,79,91,14,116,98,47,78,12",
  "7,103,123,2,98,90,84,59,70,49,99,85,38,90,69,87,91,79,91,14,116,98,47,78,127,103,123,2,98,90,84,59,70,44,115,69,17,109,81,23,70,22,8,86,105,127,50,83,72,115,52,90,38,6,5,86,91,32,58,33,126,4,25,6,54,9",
  "2,3,94,40,56,58,7,48,53,54,90,51,2,61,60,82,46,59,11,114,17,10,15,53,6,20,92,57,58,126,22,22,120,110,90,60,14,31,116,30,95,42,13,92,93,29,7,7,21,70,19,105,127,50,83,98,122,76,22,119,9,6,111,15,111,48,",
  "29,125,71,69,74,13,17,15,95,10,49,125,83,98,122,102,53,115,83,90,38,70,44,45,7,75,30,88,70,3,7,20,71,105,98,50,10,48,59,43,86,45,23,73,42,89,126,59,30,105,2,43,74,8,27,9,89,44,13,48,83,127,122,42,90,6",
  "1,6,5,38,0,44,114,13,124,6,40,25,7,0,18,75,44,119,124,28,54,46,51,125,49,8,0,114,24,77,84,65,46,71,84,72,20,23,16,65,44,12,48,83,110,63,33,94,15,20,8,116,15,116,59,64,126,11,12,3,50,28,9,90,61,60,119,",
  "32,72,7,100,76,62,21,29,126,62,46,5,27,126,0,25,58,70,79,70,86,46,62,66,0,35,40,50,71,58,71,5,103,24,99,50,98,38,90,69,87,91,79,91,14,116,98,47,78,127,103,123,2,98,90,84,59,70,49,99,85,38,90,69,87,91,",
  "79,91,14,116,98,47,78,127,103,123,2,98,90,84,59,70,49,99,85,38,90,69,87,91,79,91,14,116,98,47,78,98,119,107,53,12,38,59,82,35,73,126,82,89,38,44,74,75,95,108,14,116,98,47,78,127,103,123,2,98,90,84,59,",
  "70,49,99,85,38,90,69,87,91,79,91,14,116,98,47,78,127,103,123,2,98,90,84,59,70,49,99,85,38,90,69,87,91,79,91,14,116,98,47,78,127,103,123,2,98,90,84,38,86,33,84,98,50,26,88,14,8,23,70,26,45,49,119,83,33",
  ",51,50,94,50,8,29,115,58,34,50,13,109,2,52,19,18,27,10,82,60,14,60,30,55,52,3,31,98,71,5,99,13,105,18,17,111,14,20,11,19,35,72,84,39,54,96,22,38,52,35,109,113,78,65,117,28,98,55,28,111,2,11,74,79,90,8",
  ",92,32,43,113,29,55,60,110,83,51,6,10,118,91,37,118,6,116,14,12,9,8,7,0,19,116,127,121,16,43,54,5,81,48,71,73,38,91,6,114,88,41,85,88,87,70,1,9,99,48,127,62,81,45,46,51,126,125,71,84,38,23,105,60,9,11",
  "9,71,3,74,74,23,1,82,25,44,113,26,42,42,39,77,56,79,7,105,15,120,43,42,117,8,17,30,5,51,108,26,52,127,118,29,39,122,111,91,49,2,73,54,74,96,59,30,126,43,86,6,3,4,3,127,48,43,123,31,35,47,23,17,50,18,7",
  ",67,91,49,126,4,126,17,29,38,31,6,15,95,40,42,67,93,37,52,47,77,58,3,7,99,41,34,119,64,104,0,22,3,18,6,3,64,105,118,58,29,45,51,50,92,49,18,15,46,23,96,63,11,107,71,81,66,8,29,15,71,42,49,103,21,98,10",
  "3,102,84,60,14,5,69,21,99,126,72,59,71,114,70,82,69,87,19,116,127,97,28,18,35,102,19,125,78,29,117,30,78,118,72,43,86,88,6,3,4,3,127,107,127,47,83,46,63,36,94,51,71,18,38,87,105,57,9,75,20,27,3,14,2,7",
  ",65,46,119,124,28,54,46,51,125,49,8,0,114,24,77,84,65,102,71,28,4,3,82,79,87,39,58,50,66,114,54,35,73,58,43,71,106,30,122,59,36,98,19,17,6,7,7,55,29,36,42,124,54,98,103,102,83,58,17,12,74,2,120,55,4,1",
  "22,18,41,68,1,28,15,65,44,59,124,22,16,116,111,23,44,0,7,111,15,120,59,27,59,78,80,4,9,27,18,80,39,42,116,91,46,54,39,92,47,71,64,46,21,99,55,28,120,9,13,12,70,79,70,88,42,54,126,48,44,53,102,31,127,7",
  "1,99,42,67,62,111,72,38,71,11,5,54,11,70,31,44,42,96,7,98,103,102,70,45,6,4,111,9,124,126,68,57,78,12,25,3,6,21,82,15,119,50,66,98,54,35,73,58,43,75,38,70,44,50,13,121,6,20,74,29,82,74,86,46,62,66,0,3",
  "3,51,46,79,62,21,14,46,21,99,42,28,110,37,22,5,15,6,5,114,67,118,34,67,115,122,106,29,38,19,0,106,26,121,15,74,59,75,29,13,7,34,21,80,32,55,98,18,48,61,110,90,51,19,0,82,21,99,55,28,120,2,43,96,79,15,",
  "108,31,45,49,119,83,98,122,102,53,118,9,6,46,15,100,57,1,105,37,20,6,19,52,31,95,57,47,83,83,98,122,102,31,127,71,73,12,21,99,126,85,59,19,16,13,15,0,36,95,37,42,84,93,39,46,39,75,12,71,73,38,91,44,12",
  "6,72,59,109,81,4,9,90,8,92,32,43,113,29,55,60,102,2,127,2,14,104,26,100,29,6,116,71,88,74,70,120,74,17,61,55,117,26,48,24,42,83,42,1,75,38,70,44,56,13,105,71,84,94,85,82,91,19,58,48,66,10,98,118,100,1",
  "25,125,71,84,38,21,99,61,1,59,71,88,74,108,94,68,67,40,50,50,29,39,46,46,88,54,21,43,36,91,49,126,11,104,2,28,74,74,80,18,91,46,54,96,49,98,54,42,74,25,69,73,59,91,96,59,10,122,11,88,74,70,82,108,72,1",
  "05,115,119,20,35,10,53,92,54,15,25,103,9,107,118,6,116,19,12,31,36,23,10,84,46,48,70,121,107,111,102,19,125,0,7,111,15,100,57,1,87,69,88,70,3,21,7,99,58,60,123,27,50,59,52,88,119,2,5,114,18,88,48,7,11",
  "4,19,27,15,53,120,59,17,58,60,123,27,50,59,52,120,125,60,26,99,28,109,14,72,38,71,29,13,7,34,21,80,32,55,98,18,48,61,102,83,62,4,6,106,113,49,99,85,38,90,69,87,91,79,91,14,116,98,47,78,127,103,123,2,9",
  "8,90,84,59,70,49,99,85,38,90,69,87,91,79,91,14,116,98,47,78,127,103,123,2,98,90,84,59,70,49,99,85,38,90,69,87,91,79,91,14,116,127,63,94,72,9,5,118,23,55,40,84,60,44,100,42,90,51,88,71,75,120,91,14,116",
  ",98,47,78,127,103,123,2,98,90,84,59,70,49,99,85,38,90,69,87,91,79,91,14,116,98,47,78,127,103,123,2,98,90,84,59,70,49,99,85,38,90,69,87,91,79,91,14,116,98,47,78,127,103,123,2,98,90,73,43,86,6,84,65,102",
  ",71,22,5,15,6,15,64,38,15,119,5,35,9,102,2,127,12,10,111,23,79,48,7,59,75,64,90,85,82,91,19,58,48,66,10,98,122,102,31,85,75,75,104,20,101,42,1,104,8,40,74,18,28,3,65,59,42,81,83,39,44,39,108,125,71,84",
  ",38,23,105,60,9,119,71,3,74,74,23,1,82,25,49,123,18,47,114,40,80,43,19,28,68,21,99,55,28,120,38,114,67,27,82,2,86,63,62,65,28,22,46,52,80,47,2,5,99,47,44,99,72,112,4,17,6,37,28,9,19,101,109,36,65,98,1",
  "03,102,76,48,55,16,38,91,44,126,98,55,2,13,24,18,82,91,19,48,45,115,30,43,40,54,31,115,69,13,99,13,109,13,72,116,19,88,15,10,23,50,17,105,98,50,31,39,56,39,83,127,28,73,42,30,107,63,56,117,14,25,7,78,",
  "28,9,71,61,42,80,29,45,51,50,92,30,109,64,50,72,62,126,68,57,19,10,5,22,23,10,86,29,125,50,95,39,61,39,111,49,14,8,107,83,105,50,28,114,51,22,5,15,6,5,86,26,85,59,14,72,118,34,81,58,71,73,38,91,6,58,6",
  ",126,71,88,74,70,82,70,19,105,85,118,29,39,122,42,86,49,71,84,38,11,99,49,36,80,33,57,68,3,6,7,71,26,127,41,90,106,46,37,90,49,9,6,101,8,101,26,82,107,8,23,38,45,52,39,29,44,43,115,7,17,122,40,90,55,1",
  "9,73,118,20,99,18,35,93,38,86,15,18,19,18,96,105,57,123,83,98,122,102,31,127,71,73,38,91,44,126,98,126,20,20,15,70,82,70,19,105,127,50,83,72,115,34,81,58,71,73,38,91,44,126,72,59,71,88,74,70,120,2,93,",
  "44,127,50,83,98,122,102,31,127,71,73,38,91,44,126,72,59,109,28,4,3,82,79,86,60,45,102,83,110,115,118,31,115,87,73,42,75,36,41,13,117,73,75,24,9,6,5,86,31,119,119,5,45,23,124,82,42,15,73,104,30,100,42,",
  "72,118,18,16,74,0,27,70,19,105,127,50,83,98,122,102,31,127,71,73,38,91,44,126,72,59,71,114,67,68,22,15,92,39,62,127,6,10,120,110,76,44,6,5,69,29,67,58,4,114,15,59,30,21,0,15,117,45,49,123,53,120,40,35",
  ",75,60,6,27,103,19,79,112,26,126,30,25,6,54,82,91,19,36,42,122,83,46,59,37,80,51,71,73,38,91,44,126,72,59,71,88,74,70,82,70,19,105,127,50,83,98,80,40,90,55,19,73,116,30,120,61,9,105,6,16,41,72,0,3,74,",
  "40,51,66,83,38,52,39,31,20,33,40,111,15,98,31,70,126,19,25,30,53,82,0,90,105,127,50,83,98,122,102,31,127,71,73,38,91,44,126,72,17,78,80,4,9,27,18,80,39,42,116,91,54,57,35,81,49,8,42,60,15,109,59,10,11",
  "1,21,25,15,46,92,3,80,32,41,96,22,17,52,51,109,127,90,73,118,20,99,18,35,93,38,86,15,18,19,18,96,105,127,50,83,98,122,102,31,127,71,73,38,113,104,48,13,59,78,80,30,5,23,8,93,38,60,97,26,6,96,54,80,48,",
  "43,34,64,58,34,59,28,122,19,43,74,8,23,14,71,105,47,125,28,14,17,0,126,113,2,29,103,15,95,126,14,114,71,88,74,70,82,70,19,105,127,50,83,98,80,40,90,55,19,73,104,20,44,56,1,59,71,88,74,70,82,70,19,67,4",
  "9,125,83,127,122,13,121,30,14,29,104,58,34,59,28,122,19,43,74,70,82,70,19,105,127,50,121,107,52,41,23,49,8,0,114,24,98,43,14,59,90,88,15,1,28,7,91,10,49,125,83,98,122,102,53,115,69,34,64,58,101,42,6,1",
  "22,69,88,87,70,20,3,65,105,115,36,69,115,122,123,31,44,8,57,127,91,32,124,41,57,71,69,74,8,29,5,90,105,127,50,83,72,118,100,84,60,14,2,38,30,96,58,1,59,19,22,15,16,23,20,99,107,127,47,83,33,41,35,91,1",
  "27,75,75,77,61,77,126,1,111,9,57,72,70,79,70,95,44,61,115,31,98,122,102,31,85,28,73,42,30,107,63,56,117,14,25,7,78,28,9,71,61,42,80,22,46,61,33,80,11,109,64,123,113,32,58,6,126,71,88,74,70,120,2,93,44",
  ",127,50,83,98,122,102,31,127,109,13,104,30,44,50,1,117,71,69,74,22,29,9,127,44,51,119,39,108,63,50,94,43,52,73,61,82,36,42,11,126,9,22,5,5,1,15,119,115,47,125,28,14,63,42,90,11,73,12,114,26,120,13,72,",
  "117,2,16,30,70,2,9,92,5,58,126,22,22,116,35,75,62,19,58,38,29,101,126,72,59,71,88,74,70,82,70,19,105,127,24,22,49,54,35,31,127,71,73,38,91,44,126,98,50,3,22,15,70,82,70,19,105,127,50,83,98,122,102,31,",
  "85,3,7,99,91,44,126,72,59,71,88,74,70,82,70,19,105,127,50,83,72,115,110,91,58,17,8,85,20,88,42,26,116,23,29,6,3,38,70,19,105,127,50,83,98,122,102,31,127,71,73,38,91,44,126,72,59,71,114,90,70,79,70,65,",
  "44,50,123,39,41,57,47,83,28,8,29,115,58,34,59,28,122,19,43,74,70,82,70,19,105,127,50,83,98,122,102,31,127,71,73,38,91,44,126,98,117,2,16,30,70,30,7,69,59,58,102,29,11,63,42,90,11,73,12,114,26,120,13,7",
  "2,38,89,88,24,3,31,15,103,34,60,123,31,1,53,50,74,30,73,12,114,26,120,13,72,125,14,88,74,70,82,70,19,105,127,50,83,98,122,102,31,127,71,99,114,31,44,99,67,59,21,29,7,15,38,13,80,32,51,81,28,54,47,7,17",
  ",58,19,8,114,40,44,126,72,59,71,88,74,70,82,70,19,105,127,50,83,98,80,34,81,58,71,73,38,91,44,126,72,59,71,88,74,70,82,70,19,105,85,124,1,55,46,35,77,127,71,73,38,91,44,126,72,59,71,88,74,70,82,70,19,",
  "105,127,50,83,72,62,40,90,127,11,0,104,91,49,126,24,116,8,52,15,10,23,50,29,44,43,115,7,17,122,125,22,119,19,10,99,21,98,49,11,104,14,60,80,22,29,9,127,44,51,119,39,108,63,50,94,43,52,73,104,30,100,42",
  ",72,107,8,23,38,3,30,3,103,103,58,102,18,54,9,102,89,54,71,73,38,91,44,126,72,59,71,88,74,70,82,70,19,105,127,50,83,98,80,40,90,55,19,73,99,23,105,10,7,111,18,57,68,3,6,7,71,26,127,102,28,44,122,32,86",
  ",127,71,73,38,91,44,126,72,59,71,88,74,70,82,70,19,67,118,102,23,106,52,41,86,43,4,7,115,29,36,42,11,126,9,22,5,37,72,18,82,44,61,102,1,35,63,14,17,58,4,0,112,9,105,13,6,110,53,88,87,70,2,9,92,5,58,12",
  "6,22,22,116,35,75,62,19,58,38,91,44,126,72,59,71,88,74,70,82,70,57,45,49,119,83,107,114,50,92,58,9,7,105,24,127,55,44,33,23,23,5,42,23,10,86,29,113,119,7,35,46,21,31,49,2,1,114,91,124,49,7,87,2,20,15,",
  "50,92,3,71,40,43,65,83,36,51,102,31,127,71,73,38,91,44,126,72,59,71,114,90,70,79,70,65,44,50,123,39,41,57,47,83,28,8,29,115,58,34,59,28,122,19,43,74,70,82,70,19,105,127,50,83,98,122,102,53,59,9,12,38,",
  "21,126,43,28,126,21,88,4,3,26,18,19,96,119,124,28,43,46,47,76,48,55,12,112,26,95,126,28,116,9,88,12,15,82,70,19,105,127,50,83,98,122,102,31,127,109,7,99,19,120,126,6,116,71,30,3,70,82,70,19,105,127,50",
  ",83,72,52,41,31,98,71,12,106,30,88,49,28,110,38,86,15,18,19,18,96,105,127,50,83,98,122,102,31,85,78,7,105,83,98,49,1,111,4,22,31,0,82,91,19,44,56,124,18,42,25,40,80,127,71,73,38,113,32,124,13,119,2,44",
  ",5,18,7,7,17,105,98,50,21,39,40,102,19,111,87,88,38,70,44,45,7,75,30,88,70,68,38,68,19,116,127,124,28,33,51,102,31,127,71,99,42,89,127,124,72,53,73,88,6,7,4,20,86,61,49,91,22,46,63,18,17,58,19,8,114,4",
  "0,44,112,70,59,69,88,19,20,23,16,86,105,43,96,28,50,63,42,90,11,69,73,59,91,111,45,13,127,71,84,72,3,30,3,103,105,48,102,6,3,120,102,2,127,11,12,100,26,96,126,72,59,71,114,17,70,94,3,84,40,15,124,26,3",
  "5,55,110,81,48,19,29,115,57,105,50,15,124,8,44,96,79,15,108,31,45,49,119,83,98,122,102,53,59,9,12,38,91,44,126,72,59,71,88,96,2,28,3,19,37,54,124,83,127,122,54,80,48,43,2,101,18,96,29,70,126,19,25,30,",
  "53,82,93,26,97,43,113,22,44,52,41,92,44,14,45,60,11,99,49,36,112,4,17,6,37,92,3,71,40,43,65,83,44,63,46,75,127,23,6,105,55,103,61,1,119,36,86,15,18,19,18,96,105,57,123,83,98,122,102,31,127,71,73,38,91",
  ",44,126,98,126,20,20,15,70,82,70,19,105,127,50,83,72,115,34,81,58,71,73,38,91,44,126,72,59,71,88,74,70,120,2,93,44,127,59,91,41,57,47,83,28,10,27,105,29,126,59,56,59,9,29,2,18,82,79,27,34,60,123,31,1,",
  "52,39,124,127,1,0,38,91,44,126,72,59,71,88,74,70,82,70,19,105,127,50,121,38,52,35,31,49,21,28,114,30,126,126,6,126,15,12,74,11,0,7,117,38,43,103,50,49,41,41,125,113,2,29,103,15,95,126,26,116,71,21,24,",
  "7,52,9,71,60,30,60,22,54,59,50,108,127,1,0,38,91,44,126,72,59,71,88,74,70,82,70,19,105,127,50,121,38,52,35,31,127,71,73,38,91,44,126,72,59,71,88,74,70,82,70,57,39,45,103,7,39,40,102,31,127,71,73,38,91",
  ",44,126,72,59,71,88,74,70,82,70,19,105,127,24,23,44,63,102,83,54,9,73,59,91,124,49,7,87,12,27,3,10,49,72,86,61,62,102,32,98,97,111,23,43,4,12,104,21,99,61,27,114,35,66,26,9,29,42,88,42,54,126,48,108,6",
  "3,50,94,43,52,73,104,30,100,42,72,107,8,23,38,13,17,15,95,10,113,119,7,35,46,21,31,57,14,73,38,91,44,126,72,59,71,88,74,70,82,70,19,105,127,50,83,98,122,76,81,58,15,29,38,16,111,55,4,88,8,12,31,39,92,",
  "3,71,40,43,65,83,54,53,40,31,57,14,73,38,91,44,126,72,59,71,88,74,70,82,70,19,105,127,24,90,106,52,41,86,43,4,7,115,29,36,42,11,126,9,22,5,37,72,18,82,44,61,102,1,35,63,14,17,58,4,0,112,9,105,13,6,110",
  ",53,88,87,70,2,9,92,5,52,113,26,46,25,104,90,43,6,29,85,91,44,126,72,59,71,88,74,70,82,70,19,67,59,124,22,98,115,110,75,60,2,7,104,20,111,45,1,95,93,8,5,9,62,13,80,32,51,81,93,39,46,39,75,12,71,7,99,1",
  "9,120,126,24,116,8,52,1,5,27,10,112,103,58,102,18,54,9,102,89,54,71,73,38,91,44,126,72,59,71,88,74,70,120,3,64,37,62,116,83,127,122,34,90,51,11,12,101,21,109,29,3,120,14,20,41,72,23,18,82,61,12,50,83,",
  "98,122,102,31,127,71,73,38,91,44,84,6,126,15,12,74,8,29,70,85,32,127,50,83,98,122,102,31,127,109,7,105,91,49,126,3,120,14,20,41,9,6,19,114,103,58,102,18,54,9,102,31,127,71,73,38,91,44,84,65,117,8,80,4",
  ",9,27,18,80,39,42,116,83,127,122,35,88,49,6,1,69,21,99,126,72,59,71,114,70,68,25,5,90,37,28,125,7,55,59,100,31,98,71,15,99,9,44,114,92,40,71,69,74,21,29,54,74,105,115,48,48,96,122,123,31,49,8,10,111,9",
  "1,44,126,72,17,75,90,13,8,27,13,80,32,51,113,83,49,47,41,74,49,14,29,104,20,79,124,72,38,71,27,25,3,22,70,31,107,52,113,26,46,25,102,80,43,18,40,36,91,49,126,4,126,5,25,6,70,82,70,19,67,36,50,95,39,61",
  ",39,111,49,14,8,107,83,98,49,28,111,18,58,15,10,21,1,92,29,85,59,70,98,118,100,81,48,14,29,103,22,99,42,29,90,69,88,70,3,21,7,99,39,54,115,30,106,63,42,75,54,51,7,105,18,120,61,13,72,109,37,72,8,27,7,",
  "126,107,4,97,22,37,59,22,31,98,71,12,97,26,92,48,1,122,10,88,6,7,17,9,95,67,98,47,78,127,103,123,2,98,90,84,59,70,49,99,85,38,90,69,87,91,79,91,14,116,98,47,78,127,103,123,2,98,90,84,59,70,49,99,85,38",
  ",90,69,87,91,79,91,14,116,98,47,78,127,103,123,2,98,90,84,59,70,44,115,69,17,41,49,43,43,82,92,113,8,11,50,94,111,80,123,2,98,90,84,59,70,49,99,85,38,90,69,87,91,79,91,14,116,98,47,78,127,103,123,2,98",
  ",90,84,59,70,49,99,85,38,90,69,87,91,79,91,14,116,98,47,78,127,103,123,2,98,90,84,59,70,49,99,85,38,90,88,71,75,120,108,26,52,85,62,23,44,63,102,31,127,71,99,98,21,105,126,65,51,85,46,25,21,19,22,74,1",
  "1,47,125,7,17,122,35,76,51,2,73,47,83,62,8,27,104,6,8,19,36,6,20,82,61,12,50,29,39,50,50,31,49,8,73,96,18,44,126,72,59,71,88,74,70,120,8,92,105,98,50,65,20,41,53,94,47,30,43,40,30,120,63,28,72,71,88,7",
  "4,70,82,70,19,105,85,59,29,45,114,40,80,54,19,10,104,14,106,126,85,59,2,31,4,7,26,37,93,38,127,50,83,98,80,106,77,58,5,4,103,85,79,126,85,59,21,23,6,9,17,70,19,105,127,24,95,96,104,16,76,44,6,25,127,2",
  "5,46,126,85,59,1,29,24,70,94,86,3,120,127,47,83,49,53,22,70,127,75,75,80,89,44,99,72,117,8,27,3,70,82,70,19,67,115,48,29,45,51,50,92,58,19,6,116,11,44,51,29,118,14,0,11,43,80,70,14,105,60,97,22,38,122",
  ",106,29,15,46,63,38,73,90,126,59,72,38,40,51,36,80,70,14,105,51,119,17,35,54,102,31,127,71,99,125,91,32,59,15,122,55,11,25,7,2,31,81,97,49,125,7,54,47,4,90,51,0,14,105,47,6,119,21,17,75,28,4,3,82,70,1",
  "9,105,85,118,29,39,122,111,23,110,49,26,117,26,124,39,42,107,8,12,57,70,23,21,95,44,127,59,91,115,12,53,76,62,23,16,68,15,126,63,28,72,71,22,15,14,6,70,93,38,127,116,26,98,122,102,31,127,71,73,38,113,",
  "98,49,72,38,71,73,60,21,1,7,67,48,29,60,22,54,59,50,108,127,71,73,38,91,44,126,72,17,78,22,5,78,28,9,90,61,60,124,6,36,122,123,31,58,0,7,103,19,79,48,7,59,71,88,74,108,94,68,2,31,44,97,18,50,35,36,29,",
  "127,90,73,96,30,126,126,68,47,84,88,87,70,1,9,99,48,127,62,81,18,120,102,2,127,9,6,101,18,44,126,72,59,109,84,72,3,23,20,85,105,203,146,145,98,61,40,86,59,14,1,38,56,77,126,11,114,20,25,40,68,82,91,19",
  ",42,44,119,23,98,118,100,14,9,71,26,117,26,124,39,42,57,71,69,74,10,23,4,82,37,127,50,83,98,80,61,31,115,2,14,103,43,127,45,9,107,30,26,66,8,29,18,71,60,29,119,31,37,61,41,107,85,78,92,38,87,46,45,27,",
  "122,23,1,40,70,6,7,86,33,28,63,26,54,52,7,29,127,75,12,97,26,92,45,27,122,23,1,8,78,23,10,71,32,11,124,28,43,46,37,90,12,109,52,36,8,127,63,24,98,37,90,49,21,23,1,82,25,127,47,83,39,61,39,111,44,20,8,",
  "118,2,110,126,4,122,4,23,6,108,79,91,14,116,98,47,78,127,103,123,2,98,90,84,59,70,49,99,85,38,90,69,87,91,79,91,14,116,98,47,78,127,103,123,2,98,90,84,59,70,49,99,85,38,90,69,87,91,79,91,14,116,98,47,",
  "78,127,103,123,2,98,71,68,43,113,95,13,41,75,62,58,74,92,48,39,103,105,114,63,121,127,103,123,2,98,90,84,59,70,49,99,85,38,90,69,87,91,79,91,14,116,98,47,78,127,103,123,2,98,90,84,59,70,49,99,85,38,90",
  ",69,87,91,79,91,14,116,98,47,78,127,103,123,2,98,90,84,59,70,49,99,85,59,74,85,96,108,91,27,19,45,49,119,83,107,63,51,77,43,79,4,116,26,74,49,28,110,38,8,5,18,33,70,26,97,49,125,26,54,57,40,74,57,71,8",
  "4,38,16,111,55,4,88,9,23,74,74,74,84,2,105,98,50,0,45,10,63,31,127,71,73,12,87,46,48,31,122,23,11,15,52,82,64,19,57,48,102,32,96,122,123,31,51,2,11,103,23,44,37,72,55,2,31,11,54,31,20,82,47,119,124,28",
  ",54,46,51,125,49,8,0,114,24,77,84,65,43,87,73,74,74,80,21,93,38,54,102,16,3,120,102,19,58,0,8,86,22,126,63,14,51,2,20,30,15,38,8,92,32,43,113,22,17,80,111,66,85,75,13,104,30,44,126,72,59,109,28,4,3,82",
  ",79,86,58,51,115,21,106,55,52,94,25,8,29,115,58,124,49,28,72,71,29,25,10,23,70,26,97,50,96,18,4,53,50,74,30,19,27,103,15,95,126,6,126,15,12,74,8,29,70,85,32,127,50,83,98,122,102,31,127,109,64,104,20,3",
  "6,48,7,114,19,27,4,19,20,70,14,105,58,117,29,35,50,5,81,48,71,73,38,91,6,114,74,118,21,25,44,9,6,19,82,107,127,47,83,36,63,52,31,115,83,90,38,70,44,45,7,75,30,88,70,68,52,68,19,116,127,124,28,33,51,10",
  "2,31,127,71,99,42,89,103,61,1,119,4,88,65,70,31,15,82,105,116,50,20,45,54,102,14,127,12,10,105,55,46,126,85,59,4,11,15,2,82,74,17,36,45,115,53,98,53,50,74,30,69,73,59,91,96,59,10,122,11,88,74,70,82,10",
  "8,72,105,115,119,20,35,10,43,77,62,1,65,104,20,120,42,29,89,2,20,13,1,29,50,57,96,106,50,95,96,61,40,86,49,14,8,116,15,107,49,36,59,10,10,11,32,82,9,71,60,30,48,83,110,63,33,94,15,10,27,103,29,36,59,4",
  ",111,14,44,4,9,27,18,80,44,12,24,121,107,106,118,11,127,75,89,38,87,60,126,68,43,79,15,15,8,92,84,94,32,27,71,83,127,122,35,69,54,52,26,103,13,98,63,43,53,2,31,11,54,31,20,82,47,85,79,81,47,40,39,121,",
  "125,60,26,99,28,109,14,72,38,71,29,13,7,34,11,65,40,57,50,31,35,57,41,83,85,90,84,59,70,49,99,85,38,90,69,87,91,79,91,14,116,98,47,78,127,103,123,2,98,90,84,59,70,49,99,85,38,90,69,87,91,79,91,14,116,",
  "98,47,78,127,103,123,2,98,90,84,59,70,49,99,85,38,90,69,87,91,82,75,30,67,18,64,50,4,122,124,125,30,51,73,43,86,6,99,85,38,90,69,87,91,79,91,14,116,98,47,78,127,103,123,2,98,90,84,59,70,49,99,85,38,90",
  ",69,87,91,79,91,14,116,98,47,78,127,103,123,2,98,90,84,59,70,49,99,85,38,90,69,87,91,79,91,14,116,98,50,94,111,80,76,22,34,71,4,116,26,74,48,7,126,0,22,31,34,2,9,71,26,127,47,83,41,57,47,83,28,9,6,38,",
  "87,58,107,90,59,90,88,25,9,34,31,19,105,127,50,121,110,120,40,80,58,0,7,115,63,44,51,26,122,33,88,26,9,6,53,17,105,98,50,31,39,56,39,83,127,28,73,42,30,107,63,56,117,8,29,13,8,7,2,27,39,48,102,7,55,24",
  ",40,80,54,19,10,71,113,37,35,72,118,21,25,44,8,29,3,84,39,42,86,7,48,59,50,108,127,90,73,109,24,101,50,43,117,8,88,70,86,67,84,19,116,127,97,28,18,35,102,31,127,71,99,42,30,121,44,28,59,90,88,19,20,19",
  ",11,90,59,47,50,95,96,52,41,90,56,9,28,66,91,97,44,9,93,71,12,24,7,6,53,17,105,98,50,31,39,56,39,83,127,28,73,42,30,107,63,56,117,8,29,13,8,7,2,27,39,48,102,7,55,24,40,80,54,19,10,71,113,104,48,13,17,",
  "78,28,4,3,82,70,19,105,85,59,14,98,122,102,31,127,71,73,38,113,32,42,16,126,19,26,31,21,92,37,19,59,48,50,24,6,46,40,90,60,4,8,40,56,44,58,6,122,71,20,15,21,82,91,19,122,45,125,31,45,25,50,71,58,51,73",
  ",38,91,44,126,72,59,71,88,74,70,82,108,31,123,58,113,18,36,40,51,76,113,36,73,116,20,44,42,6,126,4,27,11,72,49,70,87,39,62,50,31,39,41,102,2,127,84,27,105,23,99,29,12,117,18,23,24,1,25,5,82,11,127,50,",
  "83,98,122,102,31,127,71,73,38,91,6,37,72,55,78,77,91,72,66,78,122,29,127,62,29,54,56,110,81,58,2,30,114,91,44,126,72,59,71,88,74,108,91,2,88,97,38,119,56,44,53,35,88,49,18,45,99,23,107,57,7,79,71,69,7",
  "4,10,23,21,19,37,62,113,28,46,122,102,31,127,71,73,38,91,6,119,64,117,8,17,30,5,28,19,85,97,43,113,22,44,52,41,124,101,12,10,111,23,79,111,6,116,19,12,31,36,23,21,70,38,18,60,29,54,56,102,31,127,71,99",
  ",47,79,34,110,72,55,19,22,3,7,20,72,112,105,115,124,7,32,114,35,84,48,21,29,117,91,44,126,72,17,78,64,74,74,28,18,81,97,45,119,29,48,53,37,31,127,71,73,12,82,113,126,72,59,71,114,70,2,27,20,116,39,48,",
  "119,20,44,47,34,31,98,71,29,104,30,126,63,56,59,75,29,25,10,19,0,19,116,127,96,28,46,53,5,81,48,19,29,115,57,99,42,29,90,71,88,74,70,82,70,19,105,85,62,64,115,122,52,80,127,87,88,38,31,98,63,72,116,5,",
  "21,5,37,1,15,19,116,127,119,9,43,9,50,71,58,51,73,42,31,96,49,10,53,51,54,37,32,82,91,19,44,60,115,53,54,52,41,121,127,71,73,38,91,44,126,72,17,75,12,18,3,6,4,70,58,113,81,83,127,122,117,77,48,11,6,69",
  ",15,116,59,60,59,75,20,15,4,19,10,29,45,52,50,78,98,46,62,90,11,71,73,38,91,44,126,72,59,109,84,90,70,79,70,95,44,39,123,35,39,32,47,108,45,2,13,116,20,78,126,68,41,2,27,11,0,0,19,64,103,28,50,78,98,1",
  "05,52,80,51,8,42,98,21,121,49,26,124,12,27,11,36,82,70,19,105,127,50,83,98,80,106,22,105,84,73,44,91,123,49,26,59,76,88,88,87,82,74,3,105,115,36,70,98,112,102,83,48,4,73,45,91,60,111,72,55,87,80,29,3,",
  "28,72,1,36,54,86,38,98,103,102,81,48,14,29,111,8,99,14,72,59,71,88,74,70,82,70,57,101,118,34,64,98,118,118,31,115,87,92,38,9,99,126,94,45,71,28,4,7,82,9,81,36,48,81,0,43,122,106,15,119,16,12,104,85,62",
  ",51,1,95,50,88,87,70,23,28,90,26,127,50,83,98,122,102,31,127,109,18,38,87,46,48,7,111,19,13,40,18,10,3,103,107,119,119,24,35,55,102,2,127,9,29,100,91,96,63,11,116,11,88,74,70,82,108,26,107,48,112,30,4",
  "5,57,100,31,98,90,73,99,11,117,42,70,127,12,80,74,91,82,9,81,36,48,81,0,43,122,42,94,60,8,5,38,91,44,126,98,50,81,88,69,70,91,87,19,100,127,123,91,106,40,41,80,51,1,71,110,15,109,51,72,38,71,15,5,20,8",
  "2,10,82,42,48,126,83,98,122,102,53,105,71,76,38,82,61,126,69,59,14,80,74,91,82,10,92,42,127,126,18,33,53,42,31,127,71,73,12,20,104,126,65,72,62,61,33,57,60,41,118,14,17,71,55,106,41,52,86,62,23,0,38,2",
  "1,101,126,12,112,71,84,3,70,0,9,85,67,118,32,74,108,106,102,19,58,19,0,110,12,34,29,72,55,3,17,24,33,28,9,86,46,49,103,23,106,63,45,80,45,19,26,12,82,62,111,72,55,3,17,24,33,28,9,86,46,49,103,23,106,4",
  "0,35,81,45,8,10,12,82,113,84,68,126,0,25,58,8,29,3,84,39,42,118,83,127,122,50,81,58,21,8,86,91,32,110,72,38,71,20,15,30,27,54,86,51,54,65,1,39,62,52,80,29,71,69,99,24,109,56,26,110,20,86,41,70,79,70,0",
  ",59,48,126,28,1,62,40,74,48,21,14,109,24,109,28,72,59,71,88,96,74,91,86,3,120,127,62,67,98,118,113,31,115,87,65,113,30,98,112,90,118,14,60,63,70,79,70,93,38,54,102,26,49,53,22,31,127,71,73,12,87,37,11",
  "0,81,59,75,72,74,74,70,87,30,105,115,35,91,53,63,40,17,109,10,0,66,46,44,99,72,126,29,17,57,70,82,70,19,67,36,50,95,96,63,43,94,45,33,75,46,30,103,63,5,59,90,88,14,15,0,33,93,38,58,117,29,55,62,102,83",
  ",62,4,6,106,113,113,84,68,102,69,61,53,36,63,52,17,105,98,50,28,32,55,41,92,127,75,75,105,25,97,49,11,57,71,69,74,3,2,31,71,105,115,48,54,105,24,11,109,125,71,84,38,23,105,60,9,119,28,88,74,70,82,108,",
  "31,52,125,107,22,41,120,102,2,127,2,25,127,15,44,114,58,53,2,28,5,37,11,3,120,103,50,103,29,7,122,123,31,58,3,6,101,91,32,124,58,57,71,69,74,10,23,4,82,37,36,50,83,98,122,76,19,34,69,16,99,16,46,126,8",
  "5,59,2,8,19,18,82,74,125,103,58,118,28,1,35,35,116,113,10,28,104,62,44,99,72,126,3,23,9,70,94,68,125,107,127,47,83,46,63,36,94,51,28,73,38,91,44,84,68,102,69,1,15,13,80,70,14,105,58,98,10,54,122,106,1",
  "25,113,2,13,105,56,117,59,35,53,10,13,4,35,82,91,19,44,59,125,16,98,118,100,125,125,71,84,38,23,105,60,9,119,28,88,74,70,82,108,31,52,125,107,22,41,120,102,2,127,2,25,127,15,44,114,62,53,2,28,5,37,11,",
  "3,120,103,50,103,29,7,122,123,31,58,3,6,101,91,32,124,62,57,71,69,74,10,23,4,82,37,36,50,83,98,122,76,19,34,69,16,99,16,46,126,85,59,2,8,19,18,82,74,123,103,58,118,28,1,35,35,116,113,10,28,104,62,44,9",
  "9,72,126,3,23,9,70,94,68,123,107,127,47,83,46,63,36,94,51,28,73,38,91,44,84,68,102,69,1,15,13,80,70,14,105,58,98,10,54,122,106,120,113,2,13,105,56,117,59,35,53,10,13,4,35,82,91,19,44,59,125,16,98,118,",
  "100,120,125,71,84,38,23,105,60,9,119,28,88,74,70,82,108,31,52,125,107,22,41,120,102,2,127,2,25,127,15,44,114,46,53,2,28,5,37,11,3,120,103,50,103,29,7,122,123,31,58,3,6,101,91,32,124,46,57,71,69,74,10,",
  "23,4,82,37,36,50,83,98,122,76,19,34,69,16,99,16,46,126,85,59,2,8,19,18,82,74,106,103,58,118,28,1,35,35,116,113,10,28,104,62,44,99,72,126,3,23,9,70,94,68,106,107,127,47,83,46,63,36,94,51,28,73,38,91,44",
  ",84,68,102,69,1,15,13,80,70,14,105,58,98,10,54,122,106,107,113,2,13,105,56,117,59,35,53,10,13,4,35,82,91,19,44,59,125,16,98,118,100,107,125,71,84,38,23,105,60,9,119,28,88,74,70,82,108,31,52,125,107,22",
  ",41,120,102,2,127,2,25,127,15,44,114,45,53,2,28,5,37,11,3,120,103,50,103,29,7,122,123,31,58,3,6,101,91,32,124,45,57,71,69,74,10,23,4,82,37,36,50,83,98,122,76,19,34,69,16,99,16,46,126,85,59,2,8,19,18,8",
  "2,74,98,103,58,118,28,1,35,35,116,113,10,28,104,62,44,99,72,126,3,23,9,70,94,68,98,107,127,47,83,46,63,36,94,51,28,73,38,91,44,84,19,59,90,88,57,63,55,45,108,7,16,87,52,12,15,2,31,51,6,10,105,23,6,84,",
  "65,102,109,84,15,1,19,54,93,38,58,117,29,55,62,102,2,127,19,7,99,9,109,14,72,55,2,13,24,18,82,91,19,45,58,98,3,35,40,17,75,39,2,61,38,91,44,126,98,55,23,23,62,72,6,8,86,36,49,117,26,46,27,31,75,39,2,6",
  "1,40,22,121,48,45,59,90,88,30,8,23,11,93,46,54,126,50,27,46,62,90,11,71,73,38,91,6,114,28,125,2,52,68,18,28,3,94,39,56,123,31,3,2,50,71,58,51,71,107,14,98,27,72,38,71,12,4,3,31,8,84,32,51,83,43,54,34,",
  "35,107,127,71,73,38,113,32,111,89,59,90,88,15,28,27,53,71,49,58,70,83,110,62,35,82,113,51,39,73,61,44,99,72,126,4,25,44,18,28,9,117,105,115,102,11,39,46,36,74,44,73,42,38,70,44,109,26,116,11,23,41,18,",
  "10,3,103,105,127,50,83,72,118,100,90,56,6,4,103,31,44,48,7,59,2,8,11,5,1,3,19,38,43,103,50,98,248,198,221,127,20,92,55,91,79,126,12,119,8,48,4,58,0,9,71,32,49,125,62,98,10,14,31,116,71,2,101,20,64,126",
  ",13,117,8,10,58,68,82,91,19,61,39,119,39,98,122,102,31,85,75,88,38,70,44,39,11,117,2,10,11,22,1,8,82,59,11,118,29,55,53,52,88,52,4,8,68,91,44,126,72,17,75,81,94,85,82,74,3,105,115,37,83,110,106,110,72",
  ",58,9,71,52,22,101,26,61,59,90,88,4,9,27,18,90,58,48,66,83,98,122,102,53,115,78,89,48,91,32,110,72,55,83,73,71,70,94,87,27,62,58,124,93,112,55,47,123,10,71,84,38,30,118,55,59,59,71,88,74,108,9,70,31,1",
  "07,51,119,17,35,22,50,71,58,51,75,46,30,103,63,5,17,78,77,74,74,80,8,92,44,56,124,6,6,122,43,77,62,33,75,38,87,105,57,9,75,9,23,15,1,28,19,87,97,58,126,7,43,14,40,80,54,19,10,99,40,6,84,65,43,87,77,74",
  ",74,66,70,31,121,127,62,67,106,45,35,81,113,85,4,111,63,89,126,85,59,2,2,3,53,1,7,69,39,62,81,93,39,61,39,111,49,8,12,97,21,121,58,98,70,69,22,5,3,21,8,70,13,125,73,0,39,61,39,111,127,90,73,99,28,109,",
  "14,6,116,2,31,4,19,22,70,95,40,60,125,31,72,103,123,2,98,90,84,59,70,49,99,85,38,90,69,87,91,79,91,14,116,98,47,78,127,103,123,2,98,90,84,59,70,49,99,85,38,90,69,87,91,79,91,14,116,98,47,78,127,103,12",
  "3,2,98,90,84,59,70,49,99,85,38,71,85,71,108,60,41,118,14,17,71,55,98,96,4,126,11,71,68,43,113,49,99,85,38,90,69,87,91,79,91,14,116,98,47,78,127,103,123,2,98,90,84,59,70,49,99,85,38,90,69,87,91,79,91,1",
  "4,116,98,47,78,127,103,123,2,98,90,84,59,70,49,99,85,38,90,69,87,91,79,91,14,116,127,63,94,72,80,111,91,49,2,99,98,21,105,126,72,59,71,114,30,30,6,70,14,105,43,106,22,22,116,41,89,49,46,29,117,30,121,",
  "47,72,59,71,88,74,70,82,70,57,45,49,119,83,98,122,102,31,127,71,73,12,31,98,59,72,112,6,29,24,4,82,68,29,103,113,50,83,96,122,104,17,127,19,17,114,91,49,126,28,99,19,88,4,3,26,18,19,127,127,47,77,98,5",
  "1,102,89,54,71,73,38,91,44,126,72,59,71,88,74,70,120,79,26,42,60,115,91,37,52,47,77,43,20,6,114,91,32,59,5,122,41,86,6,3,22,9,94,103,56,50,95,43,122,106,29,49,59,26,35,70,104,59,28,107,2,27,9,7,82,26,",
  "19,58,122,50,46,38,127,29,31,127,69,65,114,26,97,44,7,125,73,31,4,15,0,18,64,105,113,60,83,54,34,50,31,98,71,29,126,15,44,126,72,59,71,88,74,70,82,70,19,105,85,59,24,46,59,50,17,56,79,12,115,23,109,8,",
  "12,126,19,8,15,5,17,39,71,44,24,50,78,98,57,37,94,127,11,8,101,20,96,126,72,59,71,88,74,70,82,70,19,105,127,24,28,38,122,111,76,45,2,31,111,28,36,45,26,114,6,8,3,70,28,15,19,46,127,62,26,98,40,41,89,1",
  "27,71,73,38,91,44,126,72,17,69,22,54,8,46,68,19,103,113,50,0,48,63,48,86,56,68,73,40,85,44,124,72,33,3,22,31,9,20,70,64,59,58,100,26,5,122,102,29,127,73,71,38,15,116,42,72,38,71,12,18,18,82,70,19,105,",
  "127,50,83,98,80,100,81,3,69,73,40,85,44,26,58,84,48,33,47,45,45,40,124,0,12,65,58,15,116,1,118,25,41,38,69,91,34,112,72,57,71,66,14,20,29,17,74,44,20,50,83,96,122,104,17,127,19,17,114,91,49,126,28,99,",
  "19,88,74,70,82,70,19,105,127,24,81,44,6,100,31,113,73,73,84,62,72,18,39,93,56,54,37,47,33,53,122,4,113,85,58,4,20,9,124,127,73,71,38,89,34,59,11,122,23,11,1,20,29,17,19,115,45,119,23,46,53,0,31,127,69",
  ",73,40,85,44,42,16,111,71,69,74,18,10,18,19,105,127,50,83,98,122,102,53,125,9,53,60,21,109,61,27,59,2,27,11,22,1,13,65,38,8,48,83,127,122,50,71,43,71,5,103,24,99,50,72,59,71,88,74,70,82,70,57,96,119,9",
  "7,1,39,44,47,120,43,20,12,115,42,104,48,1,93,71,69,74,21,0,3,69,32,56,50,31,35,57,41,83,127,71,73,38,91,44,126,72,17,78,77,68,86,90,18,90,40,40,60,24,49,59,50,31,127,71,73,38,91,44,126,98,116,3,88,30,",
  "8,23,20,82,25,113,125,21,44,19,50,76,58,18,24,38,30,96,55,0,108,71,88,74,70,120,79,27,39,48,123,7,33,52,51,89,119,9,30,103,11,127,112,3,104,6,12,96,108,91,27,19,38,57,124,58,54,41,35,74,46,71,84,38,15",
  ",98,59,26,122,55,88,70,79,66,87,19,101,111,58,4,39,52,104,82,54,35,60,38,70,44,46,7,79,0,22,3,2,22,7,99,105,115,59,65,115,122,106,15,119,16,12,104,85,97,55,44,78,71,69,74,18,20,3,127,46,49,123,23,38,5",
  "9,22,31,36,71,69,36,28,98,55,12,127,6,40,35,51,80,78,86,34,62,127,121,107,104,127,17,111,71,69,99,15,101,54,31,53,36,88,70,9,20,8,122,61,44,119,6,51,114,35,84,48,21,29,117,113,37,108,89,59,75,23,12,8,",
  "59,18,64,44,42,99,91,48,63,40,77,48,4,99,47,6,6,114,13,124,6,40,30,21,23,19,66,105,98,50,7,44,63,52,94,15,71,69,99,14,126,42,72,38,71,28,15,22,2,7,65,30,43,106,22,22,122,102,31,127,109,69,118,20,88,11",
  "2,28,117,2,21,4,1,27,10,114,16,43,106,22,22,116,43,74,49,34,73,59,91,120,48,13,118,9,31,3,10,51,63,71,49,58,70,83,98,122,102,53,115,19,15,99,55,34,42,6,126,10,22,13,15,30,39,107,61,39,119,39,108,55,51",
  ",81,26,71,84,38,15,98,59,5,117,0,17,6,39,42,18,75,44,11,50,83,98,122,76,19,110,86,73,59,91,105,36,1,72,19,0,15,50,82,74,87,44,50,60,39,12,21,0,31,98,71,12,101,26,74,42,6,116,33,88,74,70,82,108,31,61,3",
  "9,119,7,32,47,53,17,28,71,84,38,72,126,49,4,116,36,12,18,3,38,70,19,105,127,24,95,96,120,102,2,127,19,17,99,47,44,126,72,59,109,84,90,70,79,70,95,44,39,123,35,39,32,47,108,45,2,13,116,20,78,126,68,126",
  ",4,25,12,20,7,21,29,10,127,47,83,113,40,41,83,48,36,13,104,14,99,44,15,112,4,25,40,70,82,70,19,67,115,59,67,116,104,102,19,111,71,69,49,91,32,110,64,108,2,22,68,84,31,15,119,28,127,47,83,44,53,47,75,5",
  "4,20,6,86,91,44,126,72,17,75,81,90,80,67,70,31,121,127,62,71,115,119,102,19,110,79,30,99,21,34,108,5,114,35,45,74,91,82,3,73,32,12,50,83,98,122,76,68,127,75,75,106,30,110,63,36,111,31,29,62,68,90,3,88",
  ",40,50,50,78,98,53,32,81,22,19,26,99,14,125,126,4,122,4,23,6,108,91,86,0,123,127,62,81,45,60,40,118,125,71,69,99,28,109,14,28,104,2,13,27,78,23,10,71,32,11,124,28,43,46,37,90,12,109,99,47,6,44,42,27,1",
  "26,18,41,5,18,7,39,67,38,43,65,83,127,122,45,92,54,11,42,104,20,44,114,92,44,86,88,87,70,1,9,99,48,127,50,83,98,80,106,29,43,20,12,115,42,44,49,28,110,38,88,26,9,6,53,17,105,98,50,31,39,56,39,83,127,2",
  "8,73,42,30,107,63,56,111,20,29,31,23,90,8,92,61,43,103,49,44,53,47,75,60,38,99,47,6,44,42,27,126,18,41,5,18,7,39,71,59,62,102,32,98,103,102,84,60,14,5,69,21,99,126,68,35,85,73,74,91,82,21,92,25,38,50,",
  "83,98,122,76,19,58,18,27,114,91,49,126,17,105,6,21,3,20,2,70,31,107,43,97,22,55,11,102,80,43,18,40,38,15,126,63,28,72,69,88,87,70,30,3,81,40,51,50,8,98,118,35,88,62,55,29,117,30,121,47,64,117,8,12,30,",
  "19,48,8,92,32,43,113,50,72,115,118,15,110,71,69,36,8,98,49,1,111,4,57,72,70,94,3,84,40,15,102,0,39,47,55,23,58,11,29,111,47,98,49,1,111,4,29,57,108,91,27,57,101,59,124,22,98,122,102,31,85,3,7,99,91,37",
  ",118,28,104,2,13,59,9,6,19,114,57,48,102,32,98,63,53,83,58,71,64,46,15,127,59,29,74,8,12,31,39,6,20,82,61,12,50,29,39,50,50,31,49,8,73,96,18,44,126,72,59,71,88,74,70,120,79,93,38,119,124,28,43,46,37,8",
  "1,42,1,73,59,91,105,57,6,122,15,59,4,9,82,70,19,105,85,62,71,113,122,123,31,44,8,57,127,91,32,124,57,57,71,69,74,8,29,5,90,105,127,50,83,72,118,100,84,51,6,61,38,16,111,55,4,120,71,83,74,20,23,16,90,4",
  "6,49,125,26,49,41,47,82,127,3,7,111,29,44,49,28,110,38,90,74,91,82,5,64,44,59,50,83,98,122,76,19,125,19,26,99,14,93,126,7,111,18,57,72,70,79,70,95,44,61,115,31,98,122,102,31,85,28,73,42,30,107,63,56,1",
  "11,20,29,31,23,90,8,92,61,43,103,49,39,54,33,88,48,51,99,47,78,44,114,74,111,20,29,31,55,82,9,71,60,30,48,83,110,63,33,94,15,19,26,99,14,125,118,13,119,19,17,62,8,29,15,71,42,58,65,121,72,115,118,15,1",
  "06,71,69,54,91,32,110,72,55,87,80,29,3,28,72,1,36,54,86,38,98,103,102,90,37,14,58,117,26,122,48,9,88,73,29,13,7,34,18,64,44,42,99,121,31,120,50,76,58,18,56,36,32,127,59,15,122,55,88,87,70,23,1,82,25,4",
  "3,97,22,55,43,102,83,62,4,6,106,113,49,99,85,38,90,69,87,91,79,91,14,116,98,47,78,127,103,123,2,98,90,84,59,70,49,99,85,38,90,69,87,91,79,91,14,116,98,47,78,127,103,123,2,98,90,84,59,70,49,99,85,38,90",
  ",69,87,91,79,91,14,116,127,63,94,72,115,55,90,43,9,13,111,25,99,45,72,111,20,29,31,55,82,9,71,60,30,58,83,22,9,3,106,14,71,83,68,58,88,126,69,54,109,69,87,91,79,91,14,116,98,47,78,127,103,123,2,98,90,",
  "84,59,70,49,99,85,38,90,69,87,91,79,91,14,116,98,47,78,127,103,123,2,98,90,84,59,70,49,99,85,38,90,69,87,91,79,91,14,116,98,47,78,127,103,102,18,114,109,99,47,30,97,63,26,93,19,11,3,42,1,21,92,11,119,",
  "96,22,54,59,34,79,10,19,26,111,55,127,45,7,89,19,10,11,18,33,108,26,123,102,60,67,98,118,35,75,54,15,30,40,56,44,114,13,118,6,10,44,18,1,15,127,58,44,125,49,106,63,45,80,45,19,26,12,82,62,111,72,55,2,",
  "21,11,20,52,18,64,32,19,97,0,45,24,110,77,58,9,27,105,24,6,119,21,17,75,29,13,7,34,21,64,38,61,50,78,98,46,40,90,45,6,57,38,91,44,126,98,55,78,72,90,87,82,74,3,105,115,34,83,110,106,110,72,58,9,71,52,",
  "22,101,26,61,59,90,88,15,28,27,53,64,40,41,124,18,1,122,102,31,127,109,69,114,21,101,63,14,53,36,88,87,70,65,20,92,37,48,81,22,37,59,43,118,45,6,43,106,23,99,44,11,72,71,84,89,70,79,70,64,58,58,124,24",
  ",33,51,46,107,45,6,43,106,23,99,44,11,72,71,88,74,70,120,74,3,105,98,50,31,39,34,47,111,58,29,0,85,9,105,58,26,116,37,88,70,3,17,7,85,59,42,97,93,1,122,123,31,108,21,6,106,20,79,58,6,110,8,10,13,13,17",
  ",7,113,105,127,50,83,72,118,111,7,104,83,73,42,75,44,114,95,59,75,72,66,17,23,8,29,123,50,123,55,23,122,123,31,49,8,0,114,18,127,49,56,59,71,88,74,108,94,79,3,121,108,50,95,114,122,106,11,110,74,73,42",
  ",74,36,41,13,117,73,74,7,15,54,51,19,116,127,119,9,43,9,102,31,127,71,99,125,91,32,124,13,118,6,10,44,1,28,15,95,37,48,96,16,17,120,110,90,52,6,4,38,70,44,59,5,122,21,62,30,21,27,42,64,58,48,80,121,10",
  "7,98,114,11,127,75,75,114,8,101,18,72... (Còn 310 KB)
